6
0 0 0 0 0 0 0.08 1.34783 0.0412371 0.375 0.0535714 0.0104167 
0 1.34783 0 0 0 0 -0.0278261 0 -0.0560287 0.164402 -0.114907 -0.158062 
0 1.34783 0 0.164402 0 0 -0.0344022 -0.0214438 -0.0577236 0 -0.117843 -0.159774 
0 1.34783 0 0.164402 0 -0.159774 0.00394361 0.0410765 -0.0494878 0.0299576 -0.15208 0 
0 1.34783 0 0.164402 -0.15208 -0.159774 0.0343596 0.0873617 -0.0306738 0.0347101 0 0.00316833 
0 1.43519 0 0.164402 -0.15208 -0.159774 0.0273707 0 -0.0369782 0.0210599 -0.0109202 -0.00775189 
0 1.43519 -0.0369782 0.164402 -0.15208 -0.159774 0.0347663 0.00803874 0 0.0279933 -0.00497729 -0.00582594 
0.0347663 1.43519 -0.0369782 0.164402 -0.15208 -0.159774 0 0.00350401 -0.00143366 0.0269068 -0.00683977 -0.00727453 
0.0347663 1.43519 -0.0369782 0.191309 -0.15208 -0.159774 -0.00107627 -5.57896e-06 -0.00171105 0 -0.00732025 -0.00755481 
0.0347663 1.43519 -0.0369782 0.191309 -0.15208 -0.167329 0.000736881 0.00295065 -0.00132163 0.00141653 -0.00893914 0 
0.0347663 1.43519 -0.0369782 0.191309 -0.161019 -0.167329 0.00252471 0.00567126 -0.000215756 0.00169588 0 0.000186232 
0.0347663 1.44086 -0.0369782 0.191309 -0.161019 -0.167329 0.00207101 0 -0.000625022 0.000809741 -0.000708907 -0.000522675 
0.0368373 1.44086 -0.0369782 0.191309 -0.161019 -0.167329 0 -0.000270131 -0.000710425 0.000745022 -0.000819854 -0.000608967 
0.0368373 1.44086 -0.0369782 0.191309 -0.161839 -0.167329 0.000163971 -2.06106e-05 -0.000608999 0.000770643 0 -0.000591887 
0.0368373 1.44086 -0.0369782 0.19208 -0.161839 -0.167329 0.000133145 -0.000121129 -0.000616944 0 -1.37615e-05 -0.000599914 
0.0368373 1.44086 -0.0375952 0.19208 -0.161839 -0.167329 0.000256534 1.29891e-05 0 0.000115677 8.53903e-05 -0.000567782 
0.0368373 1.44086 -0.0375952 0.19208 -0.161839 -0.167897 0.000392802 0.000235165 2.92671e-05 0.000222136 -3.62773e-05 0 
0.0372301 1.44086 -0.0375952 0.19208 -0.161839 -0.167897 0 0.00018393 1.30691e-05 0.000209861 -5.73202e-05 -1.63667e-05 
0.0372301 1.44086 -0.0375952 0.19229 -0.161839 -0.167897 -8.39444e-06 0.000156556 1.09056e-05 0 -6.10678e-05 -1.85528e-05 
0.0372301 1.44102 -0.0375952 0.19229 -0.161839 -0.167897 -2.0919e-05 0 -3.923e-07 -2.4462e-05 -8.06373e-05 -3.81223e-05 
0.0372301 1.44102 -0.0375952 0.19229 -0.16192 -0.167897 -4.7915e-06 2.45418e-05 9.58345e-06 -2.1942e-05 0 -3.64424e-05 
0.0372301 1.44102 -0.0375952 0.19229 -0.16192 -0.167933 3.95468e-06 3.88019e-05 1.14619e-05 -1.51091e-05 -7.80909e-06 0 
0.0372301 1.44105 -0.0375952 0.19229 -0.16192 -0.167933 8.50529e-07 0 8.66179e-06 -2.11719e-05 -1.26593e-05 -4.85023e-06 
0.0372301 1.44105 -0.0375952 0.192268 -0.16192 -0.167933 1.6974e-06 2.76155e-06 8.88006e-06 0 -1.22813e-05 -4.62969e-06 
0.0372301 1.44105 -0.0375952 0.192268 -0.161932 -0.167933 4.15365e-06 6.49932e-06 1.03994e-05 3.83789e-07 0 -4.37383e-06 
0.0372301 1.44105 -0.0375848 0.192268 -0.161932 -0.167933 2.07378e-06 4.23858e-06 0 -1.5661e-06 -1.67133e-06 -4.91547e-06 
0.0372301 1.44105 -0.0375848 0.192268 -0.161932 -0.167938 3.25349e-06 6.16203e-06 2.53375e-07 -6.44446e-07 -2.72464e-06 0 
0.0372301 1.44106 -0.0375848 0.192268 -0.161932 -0.167938 2.76053e-06 0 -1.91308e-07 -1.60726e-06 -3.4949e-06 -7.70254e-07 
0.0372301 1.44106 -0.0375848 0.192268 -0.161935 -0.167938 3.45951e-06 1.06366e-06 2.41051e-07 -1.49805e-06 0 -6.97443e-07 
0.0372336 1.44106 -0.0375848 0.192268 -0.161935 -0.167938 0 6.12425e-07 9.83907e-08 -1.60616e-06 -1.85331e-07 -8.41589e-07 
0.0372336 1.44106 -0.0375848 0.192267 -0.161935 -0.167938 6.42463e-08 8.21923e-07 1.14949e-07 0 -1.56649e-07 -8.24858e-07 
0.0372336 1.44106 -0.0375848 0.192267 -0.161935 -0.167939 2.62212e-07 1.14469e-06 1.57467e-07 1.54661e-07 -3.33405e-07 0 
0.0372336 1.44106 -0.0375848 0.192267 -0.161935 -0.167939 1.70637e-07 0 7.48607e-08 -2.41975e-08 -4.76491e-07 -1.43087e-07 
0.0372336 1.44106 -0.0375848 0.192267 -0.161936 -0.167939 2.65935e-07 1.45019e-07 1.33808e-07 -9.30714e-09 0 -1.3316e-07 
0.0372338 1.44106 -0.0375848 0.192267 -0.161936 -0.167939 0 1.10332e-07 1.22842e-07 -1.76176e-08 -1.42465e-08 -1.4424e-07 
0.0372338 1.44106 -0.0375848 0.192267 -0.161936 -0.167939 3.46177e-08 1.66774e-07 1.30277e-07 9.42748e-09 -4.51552e-08 0 
0.0372338 1.44106 -0.0375848 0.192267 -0.161936 -0.167939 2.12758e-08 0 1.18242e-07 -1.66309e-08 -6.60019e-08 -2.08467e-08 
0.0372338 1.44106 -0.0375846 0.192267 -0.161936 -0.167939 -2.3725e-09 -2.57047e-08 0 -3.88012e-08 -8.5005e-08 -2.70051e-08 
